%% 第一段路径
dx_1=[7.49700000000000,7.48700000000000,7.47700000000000,7.46700000000000,7.45700000000000,7.44700000000000,7.43700000000000,7.42700000000000,7.41700000000000,7.40700000000000,7.39700000000000,7.38700000000000,7.37700000000000,7.36700000000000,7.35700000000000,7.34700000000000,7.33700000000000,7.32700000000000,7.31700000000000,7.30700000000000,7.29700000000000,7.28700000000000,7.27700000000000,7.26700000000000,7.25700000000000,7.24700000000000,7.23700000000000,7.22700000000000,7.21700000000000,7.20700000000000,7.19700000000000,7.18700000000000,7.17700000000000,7.16700000000000,7.15700000000000,7.14700000000000,7.13700000000000,7.12700000000000,7.11700000000000,7.10700000000000,7.09700000000000,7.08700000000000,7.07700000000000,7.06700000000000,7.05700000000000,7.04700000000000,7.03700000000000,7.02700000000000,7.01700000000000,7.00700000000000,6.99700000000000,6.98700000000000,6.97700000000000,6.96700000000000,6.95700000000000,6.94700000000000,6.93700000000000,6.92700000000000,6.91700000000000,6.90700000000000,6.89700000000000,6.88700000000000,6.87700000000000,6.86700000000000,6.85700000000000,6.84700000000000,6.83700000000000,6.82700000000000,6.81700000000000,6.80700000000000,6.79700000000000,6.78700000000000,6.77700000000000,6.76700000000000,6.75700000000000,6.74700000000000,6.73700000000000,6.72700000000000,6.71700000000000,6.70700000000000,6.69700000000000,6.68700000000000,6.67700000000000,6.66700000000000,6.65700000000000,6.64700000000000,6.63700000000000,6.62700000000000,6.61700000000000,6.60700000000000,6.59700000000000,6.58700000000000,6.57700000000000,6.56700000000000,6.55700000000000,6.54700000000000,6.53700000000000,6.52700000000000,6.51700000000000,6.50700000000000,6.49700000000000,6.48700000000000,6.47700000000000,6.46700000000000,6.45700000000000,6.44700000000000,6.43700000000000,6.42700000000000,6.41700000000000,6.40700000000000,6.39700000000000,6.38700000000000,6.37700000000000,6.36700000000000,6.35700000000000,6.34700000000000,6.33700000000000,6.32700000000000,6.31700000000000,6.30700000000000,6.29700000000000,6.28700000000000,6.27700000000000,6.26700000000000,6.25700000000000,6.24700000000000,6.23700000000000,6.22700000000000,6.21700000000000,6.20700000000000,6.19700000000000,6.18700000000000,6.17700000000000,6.16700000000000,6.15700000000000,6.14700000000000,6.13700000000000,6.12700000000000,6.11700000000000,6.10700000000000,6.09700000000000,6.08700000000000,6.07700000000000,6.06700000000000,6.05700000000000,6.04700000000000,6.03700000000000,6.02700000000000,6.01700000000000,6.00700000000000,5.99700000000000,5.98700000000000,5.97700000000000,5.96700000000000,5.95700000000000,5.94700000000000,5.93700000000000,5.92700000000000,5.91700000000000,5.90700000000000,5.89700000000000,5.88700000000000,5.87700000000000,5.86700000000000,5.85700000000000,5.84700000000000,5.83700000000000,5.82700000000000,5.81700000000000,5.80700000000000,5.79700000000000,5.78700000000000,5.77700000000000,5.76700000000000,5.75700000000000,5.74700000000000,5.73700000000000,5.72700000000000,5.71700000000000,5.70700000000000,5.69700000000000,5.68700000000000,5.67700000000000,5.66700000000000,5.65700000000000,5.64700000000000,5.63700000000000,5.62700000000000,5.61700000000000,5.60700000000000,5.59700000000000,5.58700000000000,5.57700000000000,5.56700000000000,5.55700000000000,5.54700000000000,5.53700000000000,5.52700000000000,5.51700000000000,5.50700000000000,5.49700000000000,5.48700000000000,5.47700000000000,5.46700000000000,5.45700000000000,5.44700000000000,5.43700000000000,5.42700000000000,5.41700000000000,5.40700000000000,5.39700000000000,5.38700000000000,5.37700000000000,5.36700000000000,5.35700000000000,5.34700000000000,5.33700000000000,5.32700000000000,5.31700000000000,5.30700000000000,5.29700000000000,5.28700000000000,5.27700000000000,5.26700000000000,5.25700000000000,5.24700000000000,5.23700000000000,5.22700000000000,5.21700000000000,5.20700000000000,5.19700000000000,5.18700000000000,5.17700000000000,5.16700000000000,5.15700000000000,5.14700000000000,5.13700000000000,5.12700000000000,5.11700000000000,5.10700000000000,5.09700000000000,5.08700000000000,5.07700000000000,5.06700000000000,5.05700000000000,5.04700000000000,5.03700000000000,5.02700000000000,5.01700000000000,5.00700000000000,4.99700000000000,4.98700000000000,4.97700000000000,4.96700000000000,4.95700000000000,4.94700000000000,4.93700000000000,4.92700000000000,4.91700000000000,4.90700000000000,4.89700000000000,4.88700000000000,4.87700000000000,4.86700000000000,4.85700000000000,4.84700000000000,4.83700000000000,4.82700000000000,4.81700000000000,4.80700000000000,4.79700000000000,4.78700000000000,4.77700000000000,4.76700000000000,4.75700000000000,4.74700000000000,4.73700000000000,4.72700000000000,4.71700000000000,4.70700000000000,4.69700000000000,4.68700000000000,4.67700000000000,4.66700000000000,4.65700000000000,4.64700000000000,4.63700000000000,4.62700000000000,4.61700000000000,4.60700000000000,4.59700000000000,4.58700000000000,4.57700000000000,4.56700000000000,4.55700000000000,4.54700000000000,4.53700000000000,4.52700000000000,4.51700000000000,4.50700000000000,4.49700000000000,4.48700000000000,4.47700000000000,4.46700000000000,4.45700000000000,4.44700000000000,4.43700000000000,4.42700000000000,4.41700000000000,4.40700000000000,4.39700000000000,4.38700000000000,4.37700000000000,4.36700000000000,4.35700000000000,4.34700000000000,4.33700000000000,4.32700000000000,4.31700000000000,4.30700000000000,4.29700000000000,4.28700000000000,4.27700000000000,4.26700000000000,4.25700000000000,4.24700000000000,4.23700000000000,4.22700000000000,4.21700000000000,4.20700000000000,4.19700000000000,4.18700000000000,4.17700000000000,4.16700000000000,4.15700000000000,4.14700000000000,4.13700000000000,4.12700000000000,4.11700000000000,4.10700000000000,4.09700000000000,4.08700000000000,4.07700000000000,4.06700000000000,4.05700000000000,4.04700000000000,4.03700000000000,4.02700000000000,4.01700000000000,4.00700000000000,3.99700000000000,3.98700000000000,3.97700000000000,3.96700000000000,3.95700000000000,3.94700000000000,3.93700000000000,3.92700000000000,3.91700000000000,3.90700000000000,3.89700000000000,3.88700000000000,3.87700000000000,3.86700000000000,3.85700000000000,3.84700000000000,3.83700000000000,3.82700000000000,3.81700000000000,3.80700000000000,3.79700000000000,3.78700000000000,3.77700000000000,3.76700000000000,3.75700000000000,3.74700000000000,3.73700000000000,3.72700000000000,3.71700000000000,3.70700000000000,3.69700000000000,3.68700000000000,3.67700000000000,3.66700000000000,3.65700000000000,3.64700000000000,3.63700000000000,3.62700000000000,3.61700000000000,3.60700000000000,3.59700000000000,3.58700000000000,3.57700000000000,3.56700000000000,3.55700000000000,3.54700000000000,3.53700000000000,3.52700000000000,3.51700000000000,3.50700000000000,3.49700000000000,3.48700000000000,3.47700000000000,3.46700000000000,3.45700000000000,3.44700000000000,3.43700000000000,3.42700000000000,3.41700000000000,3.40700000000000,3.39700000000000,3.38700000000000,3.37700000000000,3.36700000000000,3.35700000000000,3.34700000000000,3.33700000000000,3.32700000000000,3.31700000000000,3.30700000000000,3.29700000000000,3.28700000000000,3.27700000000000,3.26700000000000,3.25700000000000,3.24700000000000,3.23700000000000,3.22700000000000,3.21700000000000,3.20700000000000,3.19700000000000,3.18700000000000,3.17700000000000,3.16700000000000,3.15700000000000,3.14700000000000,3.13700000000000,3.12700000000000,3.11700000000000,3.10700000000000,3.09700000000000,3.08700000000000,3.07700000000000,3.06700000000000,3.05700000000000,3.04700000000000,3.03700000000000,3.02700000000000,3.01700000000000,3.00700000000000,2.99700000000000,2.98700000000000,2.97700000000000,2.96700000000000,2.95700000000000,2.94700000000000,2.93700000000000,2.92700000000000,2.91700000000000,2.90700000000000,2.89700000000000,2.88700000000000,2.87700000000000,2.86700000000000,2.85700000000000,2.84700000000000,2.83700000000000,2.82700000000000,2.81700000000000,